%%MatrixMarket matrix coordinate real symmetric
100 100 297
1 1 1.0001
2 1 -2
3 1 1
2 2 5.0001
3 2 -4
4 2 1
3 3 6.0001
4 3 -4
5 3 1
4 4 6.0001
5 4 -4
6 4 1
5 5 6.0001
6 5 -4
7 5 1
6 6 6.0001
7 6 -4
8 6 1
7 7 6.0001
8 7 -4
9 7 1
8 8 6.0001
9 8 -4
10 8 1
9 9 6.0001
10 9 -4
11 9 1
10 10 6.0001
11 10 -4
12 10 1
11 11 6.0001
12 11 -4
13 11 1
12 12 6.0001
13 12 -4
14 12 1
13 13 6.0001
14 13 -4
15 13 1
14 14 6.0001
15 14 -4
16 14 1
15 15 6.0001
16 15 -4
17 15 1
16 16 6.0001
17 16 -4
18 16 1
17 17 6.0001
18 17 -4
19 17 1
18 18 6.0001
19 18 -4
20 18 1
19 19 6.0001
20 19 -4
21 19 1
20 20 6.0001
21 20 -4
22 20 1
21 21 6.0001
22 21 -4
23 21 1
22 22 6.0001
23 22 -4
24 22 1
23 23 6.0001
24 23 -4
25 23 1
24 24 6.0001
25 24 -4
26 24 1
25 25 6.0001
26 25 -4
27 25 1
26 26 6.0001
27 26 -4
28 26 1
27 27 6.0001
28 27 -4
29 27 1
28 28 6.0001
29 28 -4
30 28 1
29 29 6.0001
30 29 -4
31 29 1
30 30 6.0001
31 30 -4
32 30 1
31 31 6.0001
32 31 -4
33 31 1
32 32 6.0001
33 32 -4
34 32 1
33 33 6.0001
34 33 -4
35 33 1
34 34 6.0001
35 34 -4
36 34 1
35 35 6.0001
36 35 -4
37 35 1
36 36 6.0001
37 36 -4
38 36 1
37 37 6.0001
38 37 -4
39 37 1
38 38 6.0001
39 38 -4
40 38 1
39 39 6.0001
40 39 -4
41 39 1
40 40 6.0001
41 40 -4
42 40 1
41 41 6.0001
42 41 -4
43 41 1
42 42 6.0001
43 42 -4
44 42 1
43 43 6.0001
44 43 -4
45 43 1
44 44 6.0001
45 44 -4
46 44 1
45 45 6.0001
46 45 -4
47 45 1
46 46 6.0001
47 46 -4
48 46 1
47 47 6.0001
48 47 -4
49 47 1
48 48 6.0001
49 48 -4
50 48 1
49 49 6.0001
50 49 -4
51 49 1
50 50 6.0001
51 50 -4
52 50 1
51 51 6.0001
52 51 -4
53 51 1
52 52 6.0001
53 52 -4
54 52 1
53 53 6.0001
54 53 -4
55 53 1
54 54 6.0001
55 54 -4
56 54 1
55 55 6.0001
56 55 -4
57 55 1
56 56 6.0001
57 56 -4
58 56 1
57 57 6.0001
58 57 -4
59 57 1
58 58 6.0001
59 58 -4
60 58 1
59 59 6.0001
60 59 -4
61 59 1
60 60 6.0001
61 60 -4
62 60 1
61 61 6.0001
62 61 -4
63 61 1
62 62 6.0001
63 62 -4
64 62 1
63 63 6.0001
64 63 -4
65 63 1
64 64 6.0001
65 64 -4
66 64 1
65 65 6.0001
66 65 -4
67 65 1
66 66 6.0001
67 66 -4
68 66 1
67 67 6.0001
68 67 -4
69 67 1
68 68 6.0001
69 68 -4
70 68 1
69 69 6.0001
70 69 -4
71 69 1
70 70 6.0001
71 70 -4
72 70 1
71 71 6.0001
72 71 -4
73 71 1
72 72 6.0001
73 72 -4
74 72 1
73 73 6.0001
74 73 -4
75 73 1
74 74 6.0001
75 74 -4
76 74 1
75 75 6.0001
76 75 -4
77 75 1
76 76 6.0001
77 76 -4
78 76 1
77 77 6.0001
78 77 -4
79 77 1
78 78 6.0001
79 78 -4
80 78 1
79 79 6.0001
80 79 -4
81 79 1
80 80 6.0001
81 80 -4
82 80 1
81 81 6.0001
82 81 -4
83 81 1
82 82 6.0001
83 82 -4
84 82 1
83 83 6.0001
84 83 -4
85 83 1
84 84 6.0001
85 84 -4
86 84 1
85 85 6.0001
86 85 -4
87 85 1
86 86 6.0001
87 86 -4
88 86 1
87 87 6.0001
88 87 -4
89 87 1
88 88 6.0001
89 88 -4
90 88 1
89 89 6.0001
90 89 -4
91 89 1
90 90 6.0001
91 90 -4
92 90 1
91 91 6.0001
92 91 -4
93 91 1
92 92 6.0001
93 92 -4
94 92 1
93 93 6.0001
94 93 -4
95 93 1
94 94 6.0001
95 94 -4
96 94 1
95 95 6.0001
96 95 -4
97 95 1
96 96 6.0001
97 96 -4
98 96 1
97 97 6.0001
98 97 -4
99 97 1
98 98 6.0001
99 98 -4
100 98 1
99 99 5.0001
100 99 -2
100 100 1.0001
